0.014110025579533206
0.004276655956260659
0.0030562133667940868
0.0025591774392290847
0.002107269747604903
0.001848381671490095
0.0016770402852823788
0.0014739111103292649
0.0013331068493435164
0.0011999108074762209
0.00105868965296523
0.0010413887582062951
0.0009238260572252144
0.0008023029096590319
0.0007648871209760784
0.0007093366591185664
0.000644093527133838
0.0005910444006552049
0.0005642592814096086
0.0005446654978441696
0.00048150681186743974
0.0004542005816731118
0.00043679546562363635
0.00038291255992956773
0.000370405890124767
0.0003331985447450547
0.000313083650192058
0.00031714831844042773
0.00026920608140099816
0.00027327074905145036
0.0002556571879515722
0.00022574540172456818
0.00023502118185192612
0.0002269960688743288
0.00021584428699732844
0.00019791805969627987
0.00019364494718178876
0.00018061716598564195
0.00017415538591636134
0.0001645669391762794
0.00015351937970800301
0.00015539538038605296
0.0001425760434715578
0.00013809448634151302
0.00014195070980349556
0.00013569737463707966
0.00012996515029515293
0.00013173692871201704
0.00012339914829858847
0.00011902181380245737
0.00010797425460596166
0.00011870914675488426
0.00011995981435502433
0.0001099544777082659
0.00010307580905238647
0.00010818269933022761
9.494647304485219e-05
9.265358364043048e-05
9.58844732324565e-05
8.848469334053424e-05
8.608758148856276e-05
8.629602584786606e-05
8.692135981100451e-05
8.827624884145801e-05
