0.9293122998932765
0.979489060832444
0.9866095250800427
0.9884271611526148
0.990695037353255
0.9921958377801494
0.9925960512273212
0.9940134738527214
0.9944136872998933
0.9954475720384205
0.9959978655282817
0.9963147011739595
0.9970651013874067
0.9975987193169691
0.9975987193169691
0.9979655816435432
0.9981990394877268
0.9983157684098186
0.9983491195304163
0.9986159284951974
0.9987993596584845
0.9989994663820705
0.9989994663820705
0.9991828975453575
0.9992662753468516
0.9993996798292423
0.9994330309498399
0.9992662753468516
0.9994663820704376
0.9994830576307364
0.9995997865528282
0.9996331376734259
0.9995997865528282
0.9996664887940235
0.9996331376734259
0.9997165154749199
0.9996998399146211
0.9997498665955176
0.9997498665955176
0.9997665421558164
0.9997165154749199
0.9997331910352187
0.9997165154749199
0.999799893276414
0.9998165688367129
0.999799893276414
0.9998165688367129
0.9998332443970117
0.9998332443970117
0.9998332443970117
0.9998165688367129
0.9998332443970117
0.9997832177161152
0.9998165688367129
0.9998165688367129
0.9998165688367129
0.9998165688367129
0.9998499199573105
0.9998332443970117
0.9998332443970117
0.9998665955176094
0.9998665955176094
0.9998499199573105
0.9998665955176094
